738,Nena,0,0,0,1,1,0,0,1,0,1
925,Rufus,0,0,0,1,0,0,0,1,0,0
515,Jazz,0,0,0,1,1,1,1,0,1,0
938,Salty,1,1,0,0,0,0,0,1,1,1
668,Mcduff,0,0,1,0,0,0,1,1,0,1
690,Mini,0,0,1,0,0,0,1,0,0,0
958,Scooby-Doo,1,1,0,0,1,0,1,1,0,0
986,Skeeter,0,0,0,1,1,1,0,1,0,1
730,Nakita,0,1,0,0,1,1,0,1,1,0
225,Chester,0,0,1,0,0,0,1,0,0,1
954,Schotzie,1,0,1,0,1,0,1,1,1,1
804,Pebbles,0,0,1,1,1,0,0,1,0,1
381,Flopsy,1,0,1,0,0,0,1,0,1,1
588,Kramer,1,1,0,0,0,0,1,1,1,1
678,Michael,1,0,1,1,1,1,0,1,1,1
493,Iris,0,0,0,1,1,1,0,1,0,1
502,Jackie,1,1,0,0,1,0,0,0,0,0
575,Kirby,0,1,0,1,0,0,0,1,1,1
209,Champ,1,1,0,0,1,0,1,1,1,0
271,Connor,0,0,0,1,1,0,0,0,0,0
128,Boo-Boo,0,1,0,0,1,1,0,1,1,1
830,Pip-Squeek,0,0,1,1,1,0,1,1,1,1
122,Bodie,1,1,1,0,1,0,0,0,1,1
428,Goose,1,0,1,1,0,1,0,0,0,0
249,Cindy,0,0,1,0,1,1,0,0,1,1
418,Gigi,1,1,1,1,0,0,1,0,0,1
596,Laney,0,0,1,1,0,0,1,0,1,1
728,Munchkin,1,1,0,1,1,0,1,0,0,0
183,Buster-Brown,0,0,1,0,0,1,0,1,0,0
783,Ozzy,0,1,1,0,1,1,0,0,1,1
414,Georgie,1,1,0,1,0,1,1,0,1,1
971,Shelby,0,0,1,0,0,1,1,0,0,0
770,Olive,0,0,1,1,0,0,0,1,0,1
447,Guinness,0,0,0,1,1,1,0,0,0,1
237,Chipper,0,1,1,1,0,1,1,0,0,0
684,Miller,0,0,1,1,1,0,1,1,0,1
356,Elliot,0,0,1,1,0,1,1,0,1,1
899,Rocco,0,1,0,0,0,1,1,0,1,0
336,Dude,1,0,0,0,0,0,1,0,1,0
736,Nellie,0,0,1,1,1,1,1,0,1,1
498,Ivory,0,1,1,0,1,1,1,1,0,1
229,Cheyenne,1,0,0,0,1,0,0,0,0,1
820,Pickles,0,1,0,0,1,1,1,1,0,0
793,Parker,1,0,0,1,1,1,0,0,1,0
952,Sawyer,1,0,0,1,1,1,1,1,1,1
847,Popcorn,0,1,1,1,1,0,1,1,0,0
775,Onyx,1,1,0,0,0,1,0,0,1,0
300,Darcy,0,1,1,1,1,1,1,0,1,0
148,Bridgett,0,1,0,1,0,1,0,1,1,0
319,Dino,0,0,1,1,0,0,1,0,0,1
195,Calvin,0,1,0,1,0,0,0,0,0,0
708,Molly,0,0,0,0,1,0,1,1,0,1
458,Hank,1,0,0,0,1,1,0,0,1,1
607,Libby,1,0,1,0,0,1,0,0,0,0
392,Freddie,1,0,1,0,0,1,1,1,0,0
985,Sissy,1,1,0,1,1,1,0,0,0,0
698,Mister,1,1,0,1,1,0,0,1,0,0
533,Jimmuy,0,0,0,0,1,1,0,0,1,0
983,Simon,0,0,0,0,1,0,1,0,1,0
326,Dolly,0,1,0,1,0,0,0,0,0,1
444,Grover,0,1,1,1,1,1,1,0,0,0
230,Chi,0,0,0,1,1,0,0,1,1,0
138,Bosley,0,0,0,1,1,0,1,0,1,0
413,Georgia,0,0,1,1,0,0,1,0,1,0
172,Buffie,0,1,1,1,0,0,0,1,0,0
653,Mango,1,0,1,1,0,1,1,1,1,0
310,Dexter,1,0,1,1,0,1,1,0,0,1
576,Kismet,1,1,1,1,1,0,1,1,1,0
937,Sally,0,1,0,1,1,0,1,0,0,0
327,Domino,1,1,1,1,0,1,1,0,0,1
610,Lilly,1,0,1,0,1,0,0,1,1,1
196,Cameo,0,1,0,0,1,1,0,1,1,0
239,Chips,1,0,1,1,0,1,0,1,0,0
643,Madison,1,0,0,0,1,0,1,0,1,0
915,Rowdy,1,0,0,1,0,0,1,0,1,0
248,Cinder,0,0,1,0,1,0,1,0,0,0
745,Nibby-Nose,1,0,0,1,0,0,1,1,0,1
654,Marble,0,0,1,1,0,1,1,1,1,1
871,Queen,0,1,1,0,1,0,1,1,0,0
439,Gretta,1,1,1,0,1,0,0,0,1,0
567,Kerry,1,1,1,0,1,1,0,0,0,1
681,Mikey,1,0,1,1,0,1,1,0,0,1
707,Mollie,0,1,0,0,1,0,1,0,1,1
251,Cisco,1,1,1,1,0,0,1,1,1,1
530,Jetta,0,0,0,1,1,0,1,1,1,1
688,Mindy,0,0,0,0,1,0,0,0,0,0
961,Scout,0,1,1,1,1,0,1,0,1,1
602,Leo,0,0,0,0,0,1,1,0,0,0
599,Layla,0,1,0,0,0,1,0,1,0,0
197,Camille,0,0,1,1,0,0,1,0,1,0
878,Ralphie,1,0,1,0,0,0,0,0,1,0
208,Chamberlain,1,1,1,1,0,1,0,0,0,0
526,Jester,1,0,0,1,1,0,1,0,0,0
672,Meggie,0,0,0,1,1,0,0,0,0,1
514,Jazmie,0,1,0,0,1,1,1,0,0,1
175,Bugsey,0,0,1,0,1,0,0,1,1,1
917,Roxie,1,0,0,0,0,1,1,1,1,0
409,Gator,1,1,0,1,1,0,0,1,0,1
839,Poncho,0,1,1,1,1,0,1,1,0,0
997,Sly,1,1,0,0,1,1,1,1,1,0
136,Boris,1,0,0,0,0,0,1,0,1,1
630,Lucy,0,1,1,0,1,1,1,0,0,0
144,Braggs,0,1,1,1,1,0,0,0,1,0
790,Panther,0,0,0,0,1,0,0,0,1,1
905,Rolex,1,1,1,0,0,0,1,0,0,1
879,Rambler,0,0,0,1,0,1,1,0,0,0
578,Kitty,0,1,1,0,1,0,0,0,1,0
875,Rags,0,0,1,1,0,0,0,0,0,1
292,Daisey-Mae,1,1,0,1,1,1,1,1,0,0
222,Chelsea,0,0,0,1,1,0,1,1,1,0
622,Lou,1,0,1,1,0,1,1,0,0,0
113,Blondie,1,0,0,1,0,1,1,1,1,0
580,Klaus,0,1,0,0,0,0,0,1,1,1
550,Junior,1,1,1,0,0,1,1,1,0,1
953,Scarlett,0,1,1,1,0,0,0,0,1,1
995,Slick,0,1,0,1,0,0,1,0,1,0
255,Cleopatra,1,1,1,0,1,0,1,0,0,0
372,Fido,0,1,0,0,1,1,0,0,1,0
501,Jack,0,0,0,0,0,1,0,1,0,0
624,Louis,0,1,1,0,0,1,1,1,1,1
658,Mary,0,1,0,0,0,0,0,0,1,1
891,Rhett,0,1,0,0,1,1,0,0,1,1
635,Mac,1,0,1,1,0,0,1,1,1,1
739,Nero,1,0,1,1,0,0,0,0,1,1
256,Clicker,1,1,1,1,1,0,1,1,1,0
767,Obie,1,0,1,1,1,0,1,0,1,1
453,Hailey,1,1,1,0,1,0,1,1,1,1
445,Gucci,0,1,0,0,1,1,1,1,0,1
587,Koty,1,0,0,1,0,0,1,0,0,0
507,Jags,1,0,1,0,0,1,1,1,1,0
404,Fuzzy,1,1,1,0,1,1,0,1,0,1
959,Scooter,0,1,1,0,0,0,0,0,1,0
877,Ralph,0,0,1,1,1,1,1,1,0,0
733,Napoleon,1,1,1,0,0,1,0,1,1,1
403,Furball,0,0,0,1,0,0,1,1,1,0
834,Pluto,1,0,0,1,1,1,1,0,0,0
991,Skittles,0,0,0,1,1,1,1,1,0,0
524,Jesse,0,0,1,1,1,1,1,1,1,0
697,Missy,0,1,0,1,0,0,1,1,1,0
968,Shasta,1,1,0,1,1,0,0,1,1,1
556,Kasey,1,0,0,1,0,1,1,1,1,1
605,Lexie,1,0,0,1,1,1,1,1,0,0
360,Ember,0,0,1,1,1,1,0,0,0,1
244,Chrissy,0,1,0,0,1,0,1,0,0,0
744,Nibby,1,0,0,0,0,1,1,0,0,1
852,Porter,0,1,0,1,1,0,1,0,0,1
137,Bosco,0,1,0,1,1,0,0,1,1,1
380,Flint,0,1,0,1,1,1,1,0,1,1
776,Opie,1,1,1,1,1,0,1,0,1,1
768,Odie,1,0,0,1,1,1,0,0,1,1
797,Patricky,0,1,1,1,0,0,1,0,1,0
140,Boy,1,0,0,0,0,0,1,1,0,1
203,Casper,1,1,0,1,1,1,0,0,0,0
919,Ruby,1,0,1,1,1,0,1,1,0,1
287,Curry,0,1,0,1,1,0,1,1,1,0
240,Chiquita,0,1,0,0,0,1,1,0,0,1
813,Peter,0,0,1,0,0,0,1,1,1,0
663,Maximus,1,1,1,1,1,1,0,1,1,1
857,Pretty,0,0,1,0,0,0,0,0,0,0
691,Minnie,1,1,0,0,1,1,1,1,0,0
374,Figaro,1,0,1,0,1,0,0,1,0,0
841,Pooch,1,0,1,0,1,0,1,1,1,0
169,Buddie,1,0,1,1,1,0,0,1,1,0
893,Rico,0,0,0,0,1,0,0,0,1,0
295,Dallas,0,1,1,1,1,1,1,0,1,0
713,Montgomery,1,0,0,1,1,0,0,1,0,1
173,Buffy,0,1,1,0,1,0,0,1,1,1
324,Dodger,0,0,0,0,0,0,0,1,0,1
357,Elmo,0,0,1,0,0,0,0,1,0,0
921,Rudy,1,1,0,0,1,0,0,0,0,1
969,Sheba,1,0,1,0,0,0,1,1,1,1
318,Dinky,0,1,0,1,1,1,1,0,1,0
416,Gibson,1,1,0,1,1,0,1,1,0,0
160,Brutus,0,1,1,1,1,1,0,0,1,1
598,Latte,1,1,1,1,1,0,0,1,0,0
619,Logan,1,1,1,1,1,1,0,0,1,1
808,Pepper,0,0,0,0,1,0,0,0,0,1
719,Moose,0,1,0,0,1,1,0,1,0,1
802,Peanuts,1,1,1,1,1,1,0,1,0,0
408,Gasby,0,0,1,0,0,1,1,1,0,0
504,Jackson,1,1,0,0,1,1,1,1,1,0
220,Chaz,0,1,0,1,0,0,1,0,1,0
213,Charisma,1,0,0,0,0,1,0,1,0,0
194,Callie,1,0,0,0,1,0,0,0,0,0
491,India,1,0,0,1,1,0,1,1,0,1
179,Bully,1,1,0,1,0,1,0,0,1,0
662,Max,0,0,0,1,0,1,0,1,0,1
407,Garfield,0,1,1,0,0,1,1,0,1,0
477,Homer,0,1,0,0,1,1,1,1,0,1
427,Goober,1,0,1,1,0,0,1,1,1,1
670,Meadow,0,0,0,0,0,0,1,1,0,0
628,Lucifer,0,1,0,1,1,1,0,0,0,1
410,Gavin,1,0,1,0,0,1,0,1,0,0
803,Pearl,0,1,0,0,0,1,1,0,1,1
832,Pixie,1,0,0,1,1,1,0,0,0,0
352,Edsel,1,1,0,1,1,0,0,1,1,1
384,Fluffy,1,1,1,0,0,0,0,1,0,0
573,Kipper,0,0,1,1,0,1,0,0,1,1
519,Jenny,0,1,0,1,1,0,0,1,0,1
167,Bud,1,0,1,0,0,0,1,1,0,0
419,Gilbert,0,1,1,0,0,1,0,0,0,1
569,Kid,1,0,1,0,1,0,0,0,1,0
860,Princess,0,0,1,1,0,0,1,1,1,1
134,Boots,0,1,1,1,1,1,0,0,0,0
696,Missie,0,1,1,1,1,1,1,0,1,0
242,Chloe,0,0,0,1,1,1,1,1,0,1
705,Mocha,1,1,0,0,0,1,0,1,1,1
655,Mariah,0,0,0,1,0,1,1,0,0,0
634,Lynx,1,1,1,0,1,1,0,1,1,0
782,Ozzie,0,1,0,1,0,1,1,1,0,1
129,Booker,0,1,1,0,0,1,0,0,0,1
801,Peanut,1,0,0,0,1,1,0,1,1,1
215,Charlie,1,0,0,0,1,0,1,0,1,0
432,Gracie,1,0,0,1,1,0,0,1,1,1
421,Ginger,0,0,1,1,1,0,0,1,1,0
611,Lily,0,0,1,0,1,1,0,1,0,0
150,Brie,1,1,0,0,0,0,1,1,0,1
561,Kc,1,1,0,1,1,1,0,0,1,1
865,Puffy,0,1,0,1,0,0,0,0,1,1
266,Cody,0,0,1,1,0,1,0,1,1,1
342,Dusty,0,1,0,0,0,0,1,1,0,1
478,Honey,1,1,1,0,0,1,1,1,1,1
304,Deacon,0,1,0,0,1,1,0,1,0,1
264,Coconut,0,0,0,1,0,1,1,0,0,0
741,Newt,0,1,0,0,1,0,1,0,1,1
508,Jaguar,0,1,0,1,1,0,1,1,1,1
270,Conan,1,1,0,0,0,0,0,0,1,0
480,Hooch,0,0,1,0,1,1,1,0,0,0
283,Cubs,1,0,1,1,0,0,0,0,0,1
963,Scruffy,0,0,0,0,1,0,1,1,0,0
531,Jewel,1,0,1,1,0,1,0,1,0,0
320,Diva,1,0,1,0,0,1,1,0,1,0
462,Happyt,0,0,1,0,1,1,0,1,1,1
303,Dave,0,0,0,1,0,0,0,1,0,1
716,Moochie,0,0,1,1,0,0,1,1,0,1
261,Cobweb,0,1,1,0,0,1,1,0,0,1
469,Heather,1,0,1,1,1,1,0,0,0,0
763,Nosey,1,1,1,0,0,1,1,1,1,0
794,Pasha,1,0,1,0,0,0,1,0,0,1
323,Doc,0,1,1,1,1,1,0,0,0,1
465,Harpo,0,1,1,1,0,0,1,0,0,1
351,Edgar,0,1,0,0,0,0,1,1,1,1
951,Savannah,0,1,1,0,0,1,1,1,0,0
755,Niko,0,0,0,0,0,1,0,1,1,0
722,Mouse,0,1,1,1,0,1,0,0,0,0
676,Mia,0,0,0,0,1,0,1,1,0,0
826,Pinto,0,0,1,0,0,1,1,0,0,1
617,Little-Rascal,1,1,0,0,1,1,1,1,0,0
909,Rosa,1,1,1,1,1,1,1,0,0,1
201,Carley,1,0,1,0,0,1,0,1,0,0
574,Kira,0,0,0,0,0,0,0,1,1,0
212,Chaos,0,1,0,1,0,1,0,0,1,1
373,Fifi,0,1,0,0,1,0,0,0,0,1
764,Nugget,0,1,0,1,0,1,1,1,0,0
992,Sky,0,1,0,1,1,0,1,0,0,0
996,Slinky,1,1,1,0,1,1,0,0,0,0
436,Greta,1,1,0,0,0,1,0,0,0,0
415,Giant,1,1,1,0,1,0,1,0,0,0
161,Bubba,1,1,1,1,1,0,1,0,0,0
147,Brandy,0,0,1,1,1,0,0,1,1,0
872,Queenie,1,0,0,0,0,1,0,1,1,0
343,Dutches,0,0,0,1,0,0,1,0,0,0
438,Gretel,1,0,0,1,1,1,1,0,1,0
471,Henry,0,0,0,0,0,0,0,0,1,1
870,Purdy,0,1,0,1,0,0,0,0,0,0
686,Milo,0,1,1,0,0,1,1,0,1,1
301,Darwin,0,1,0,0,0,0,0,1,1,0
975,Shiner,1,0,1,0,0,0,1,0,1,1
616,Little-One,1,1,1,0,1,1,1,0,0,0
815,Petie,1,0,0,1,1,0,1,0,0,1
281,Crystal,0,0,1,1,1,1,1,0,1,1
411,Genie,1,0,0,0,0,1,0,1,1,0
861,Prissy,0,1,1,1,0,1,0,1,1,0
503,Jackpot,0,0,1,1,0,0,1,1,1,1
451,Guy,0,1,0,0,1,0,1,0,1,0
277,Cotton,1,0,1,1,1,1,1,0,0,0
882,Rascal,0,0,1,0,0,1,1,0,1,1
641,Maddie,1,1,1,0,1,1,0,1,1,1
309,Dewey,1,1,1,0,1,1,0,1,1,1
198,Candy,0,1,1,1,1,1,0,0,1,0
316,Digger,1,1,1,1,1,0,0,1,1,0
604,Lexi,1,1,1,0,0,0,1,1,1,1
657,Mary,0,1,0,1,1,0,1,1,1,1
221,Checkers,0,0,1,0,0,1,1,1,0,1
400,Fritz,1,0,0,0,0,0,0,1,1,0
837,Pokey,0,0,1,1,1,0,1,0,1,1
590,Kurly,1,0,0,0,1,1,0,1,1,1
377,Flake,1,1,1,0,0,0,1,1,1,1
382,Flower,1,0,1,0,0,1,1,1,1,0
645,Maggie-Mae,0,1,0,0,0,0,0,1,0,1
943,Samson,1,1,1,0,0,0,0,1,0,1
551,Justice,0,0,0,0,1,0,1,0,1,0
385,Fonzie,1,0,1,0,0,1,0,1,1,1
646,Maggie-Moo,1,1,1,1,1,0,1,1,0,0
555,Karma,1,0,1,1,0,1,1,0,0,0
777,Oreo,0,1,0,0,0,0,1,0,1,0
814,Petey,0,0,1,0,1,1,1,1,0,0
810,Pepsi,0,1,1,1,0,0,0,0,1,0
223,Cherokee,1,0,1,1,0,0,0,1,0,0
461,Hans,0,0,0,1,0,0,1,1,0,1
577,Kissy,1,0,0,0,1,1,1,0,1,1
153,Brittany,1,0,0,0,1,1,0,1,0,0
110,Blanche,1,1,1,0,0,1,0,1,0,1
224,Chessie,1,0,1,1,0,1,0,0,1,0
149,Bridgette,1,0,0,0,0,1,0,1,1,1
362,Emma,0,0,0,1,0,1,1,1,1,0
339,Duke,1,1,1,0,1,0,1,0,1,0
395,Freeway,0,0,0,0,1,0,1,1,0,0
545,Joy,1,0,0,0,1,1,0,0,1,0
864,Pudge,1,1,1,1,1,1,1,0,0,1
788,Panda,1,1,1,0,1,0,0,1,0,1
972,Shelly,1,1,0,1,0,1,1,0,0,0
171,Buddy,1,0,1,1,0,0,1,0,1,1
394,Freedom,0,0,0,0,1,1,0,1,1,0
422,Ginny,0,1,0,1,1,0,0,0,0,1
488,Hugo,1,1,1,0,1,1,0,0,0,0
950,Sassy,1,1,1,0,0,0,0,1,0,0
862,Puck,0,1,0,1,0,0,1,0,1,1
124,Bones,0,1,0,1,1,1,0,1,0,0
521,Jersey,1,1,0,0,0,1,1,0,0,1
104,Bits,0,1,0,1,0,1,1,1,1,0
929,Ryder,1,0,1,1,0,1,0,0,0,0
603,Levi,0,0,1,0,1,0,0,0,0,1
376,Fiona,0,0,1,0,0,0,0,1,1,0
243,Chocolate,0,0,1,0,1,1,1,0,0,0
558,Kato,0,1,0,1,1,1,1,0,1,0
375,Finnegan,1,0,1,1,0,1,0,0,0,1
873,Quincy,0,1,1,1,1,0,1,1,0,1
842,Poochie,0,0,0,1,1,0,0,0,1,1
333,Dragster,0,1,0,1,1,0,0,1,0,1
866,Pugsley,1,1,1,0,0,1,1,0,0,1
247,Chyna,0,0,0,0,0,0,0,0,0,0
130,Boomer,1,1,0,1,1,1,1,1,0,0
399,Frisky,1,1,1,1,1,0,1,0,0,0
457,Hammer,0,0,0,1,1,0,0,1,1,1
724,Muffin,0,1,1,0,1,0,1,1,0,1
468,Harvey,0,1,0,1,0,1,0,0,0,1
960,Scottie,1,0,0,1,1,1,0,1,0,1
423,Girl,0,1,1,1,1,0,0,0,1,0
557,Katie,1,1,1,1,0,0,0,0,0,0
652,Mandy,0,0,1,1,1,0,0,1,1,1
908,Romeo,1,1,0,1,1,0,0,0,0,0
233,Chief,1,0,1,0,1,1,0,1,1,1
765,Nutmeg,1,1,0,0,1,1,1,1,1,1
889,Rex,1,1,1,1,1,1,1,0,1,0
335,Duchess,0,0,1,0,0,0,1,0,0,1
941,Sammy,1,1,0,1,0,1,1,1,0,1
665,Maxwell,0,1,1,1,0,0,1,1,0,0
754,Nikki,0,1,0,1,0,1,0,0,1,0
627,Luci,1,0,1,0,0,0,1,1,0,0
896,Rin,0,1,1,1,1,0,0,0,0,0
746,Nick,1,1,0,0,0,1,1,0,0,0
737,Nemo,0,1,0,0,0,1,1,1,1,0
280,Cricket,1,1,1,1,0,1,0,1,0,0
125,Bongo,0,1,0,0,0,1,1,1,0,1
979,Silky,1,0,0,1,0,1,0,0,0,0
340,Duncan,1,0,1,1,1,1,1,0,0,0
906,Rollie,0,1,0,1,0,1,0,1,1,1
660,Mattie,1,1,0,0,1,1,1,0,0,0
364,Erin,0,1,0,0,0,1,0,0,1,0
307,Dempsey,0,1,1,1,1,1,1,0,1,0
817,Phoebe,0,0,0,1,0,1,1,0,1,0
139,Boss,1,1,1,0,1,0,0,1,0,0
348,Echo,0,0,1,1,1,1,1,0,0,1
306,Dee,0,0,1,0,1,1,0,0,0,0
631,Luke,1,0,1,1,1,0,0,1,0,1
664,Maxine,0,1,1,0,0,1,1,0,1,1
314,Diego,0,1,1,0,1,0,1,1,1,0
987,Skinny,1,0,1,1,1,1,1,1,1,1
142,Bradley,1,1,0,0,1,1,1,1,0,0
116,Bo,0,1,1,1,1,1,0,0,1,1
278,Cozmo,0,0,0,1,0,0,1,1,0,0
214,Charles,1,0,1,0,0,1,1,0,1,1
509,Jake,0,0,0,0,0,1,0,1,1,0
833,Plato,1,0,1,0,0,0,1,1,1,0
387,Francais,1,0,0,0,0,0,0,0,0,1
379,Flash,0,0,0,1,0,1,1,1,1,1
184,Butch,0,1,1,0,1,1,0,0,0,0
849,Porche,1,1,1,0,1,0,0,0,1,0
934,Sage,0,1,1,1,0,0,0,1,1,0
807,Pepe,0,0,1,0,1,1,0,0,1,1
475,Hobbes,0,1,0,1,0,1,0,0,0,1
529,Jett,0,1,0,1,0,1,1,1,0,1
988,Skip,0,1,1,1,1,1,1,0,0,0
103,Bishop,1,1,0,1,1,1,0,1,0,1
166,Bucky,1,1,0,0,0,0,1,0,0,0
473,Hershey,0,1,0,0,0,1,1,1,0,1
910,Roscoe,0,1,0,0,0,0,0,1,1,1
606,Lexus,1,0,0,1,0,0,1,1,1,0
260,Coal,1,0,1,0,0,0,1,1,0,0
787,Paddy,0,1,1,0,1,0,0,1,1,1
505,Jade,0,0,0,1,1,0,0,1,1,1
288,Cutie,0,0,1,0,0,0,1,0,1,0
193,Cali,0,1,1,1,0,1,0,1,1,0
989,Skipper,0,0,0,0,0,1,0,0,0,1
346,Earl,1,1,0,1,1,1,0,0,0,1
494,Isabella,1,0,0,1,0,0,1,0,0,1
111,Blast,0,0,1,0,0,0,1,1,1,0
405,Gabby,1,1,1,1,0,0,1,0,1,0
940,Samantha,0,0,1,0,1,1,0,1,0,1
935,Sailor,0,1,0,0,1,1,1,0,0,1
554,Kane,0,1,1,1,0,1,1,0,0,1
584,Koko,1,1,0,0,1,0,0,1,0,1
272,Cookie,0,1,0,1,1,1,1,1,1,0
539,Jojo,0,0,1,1,1,0,0,0,0,1
158,Bruiser,0,1,0,0,0,0,1,0,0,1
536,Joe,0,0,0,1,0,1,0,1,1,0
749,Nicky,0,0,0,0,0,0,0,0,0,1
702,Mitzi,0,0,1,1,0,1,1,0,0,0
321,Dixie,1,1,0,0,0,0,1,1,1,0
973,Sherman,0,0,0,0,1,0,0,0,0,0
752,Niki,0,1,1,0,0,0,1,0,1,1
666,May,1,0,1,1,0,0,0,0,0,1
726,Mugsy,0,0,1,1,0,0,1,1,1,0
715,Moocher,0,0,0,1,1,0,0,1,0,1
957,Scooby,0,1,1,0,1,0,0,0,0,1
990,Skippy,0,0,0,1,1,0,0,1,0,1
565,Kelsey,0,0,0,0,1,0,0,1,1,0
393,Freddy,0,0,1,1,0,0,1,0,1,1
259,Clyde,1,1,0,1,0,1,0,1,0,1
311,Dharma,1,0,0,1,0,0,0,0,0,0
725,Muffy,0,0,0,1,0,1,0,0,0,0
779,Otis,0,0,1,0,1,0,1,0,0,1
885,Red,0,0,0,0,0,0,1,1,0,1
928,Ruthie,1,1,0,1,1,0,1,1,1,0
965,Shadow,1,0,1,0,1,1,1,0,1,1
637,Macintosh,0,0,1,1,0,1,1,0,1,1
944,Sandy,1,1,1,1,0,0,1,0,1,0
275,Corky,1,1,0,0,0,0,0,1,1,0
923,Ruffer,1,1,1,0,0,0,1,0,0,0
583,Koda,1,0,0,0,1,0,1,0,0,1
315,Diesel,1,0,0,1,0,1,1,0,0,1
190,Buttons,0,0,1,0,0,0,0,1,0,0
840,Pongo,0,1,0,0,1,1,1,1,1,0
182,Buster,0,1,1,1,1,0,1,1,1,1
470,Heidi,0,0,0,0,1,1,0,0,0,1
548,Julius,0,0,0,1,1,0,1,0,0,1
543,Jordan,0,1,0,0,0,1,1,1,0,1
999,Smoke,1,1,0,1,1,0,1,0,1,1
334,Dreamer,0,1,1,1,0,1,1,0,1,0
927,Rusty,0,1,1,1,1,1,0,0,0,0
692,Mischief,0,1,0,1,0,1,0,0,0,0
157,Brownie,0,0,0,0,0,1,0,1,1,0
766,Oakley,1,0,1,1,0,0,1,0,0,0
312,Diamond,1,0,1,0,1,1,1,1,1,1
789,Pandora,0,0,1,1,0,0,1,1,0,0
317,Dillon,1,1,0,1,0,0,1,0,1,1
151,Brindle,1,1,0,1,0,1,0,1,1,0
949,Sassie,0,0,0,1,0,0,1,0,0,1
626,Lucas,0,1,1,1,0,0,1,1,0,0
683,Miles,1,0,1,0,0,1,1,1,1,1
838,Polly,0,1,0,0,1,1,1,0,1,1
876,Raison,0,0,1,0,1,1,1,0,1,0
263,Cocoa,1,1,1,1,1,0,0,0,1,0
202,Casey,1,1,0,1,1,1,1,1,0,1
118,Bob,0,1,0,1,1,0,0,1,0,1
332,Dozer,1,0,0,0,1,0,0,0,1,1
984,Simone,1,1,1,0,1,1,0,0,0,0
106,Bizzy,0,0,1,0,0,0,0,0,0,0
517,Jelly-Bean,0,0,1,1,1,1,0,0,0,1
784,Pablo,1,0,1,0,1,0,1,1,1,0
855,Precious,1,1,1,0,1,0,0,1,0,1
252,Claire,0,0,0,1,1,1,1,0,1,0
693,Misha,1,1,1,0,0,0,1,0,1,1
123,Bogey,0,1,0,0,1,0,0,0,0,1
560,Kayla,1,1,0,1,0,1,1,1,1,0
525,Jessie,1,1,0,1,0,1,1,0,0,1
345,Dylan,1,0,1,0,0,0,1,0,0,0
305,Dee,1,0,1,0,1,1,1,1,1,1
159,Bruno,1,0,0,1,0,0,0,1,0,0
328,Doodles,0,0,0,0,0,1,1,0,1,0
742,Newton,1,0,1,0,1,1,0,0,0,1
895,Riley,1,0,1,0,0,1,1,0,0,1
206,Cha,0,1,1,0,1,1,1,1,1,1
100,Birdie,1,0,0,1,0,1,1,0,1,1
276,Cosmo,1,1,1,0,0,1,0,0,0,1
687,Mimi,1,0,1,0,0,0,1,0,0,1
751,Nike,0,0,0,1,1,0,1,1,0,0
792,Paris,0,0,1,0,1,0,1,1,0,1
456,Hamlet,1,1,1,0,1,1,1,1,1,1
586,Kosmo,1,1,1,1,0,1,0,0,0,1
189,Butterscotch,0,0,1,0,1,0,0,0,0,0
289,Cutie-Pie,1,0,1,0,1,1,0,0,1,0
542,Jolly,0,1,1,0,1,0,1,1,0,0
269,Commando,1,1,1,0,0,0,0,0,1,0
389,Franky,1,0,0,1,1,0,1,0,1,0
880,Rambo,0,0,0,0,0,0,0,0,1,0
993,Skye,0,0,0,1,0,0,1,0,0,1
132,Booster,1,0,1,0,1,0,1,0,0,0
816,Phantom,1,1,0,0,1,0,1,1,0,0
353,Eifel,1,0,0,0,1,0,1,0,1,1
217,Charmer,1,0,0,1,1,1,1,1,0,0
476,Holly,1,0,1,1,0,1,1,0,0,1
388,Frankie,1,0,1,0,0,1,0,0,1,1
228,Chewy,1,0,0,1,0,1,1,0,0,0
191,Buzzy,0,1,0,1,1,0,0,1,0,1
819,Picasso,1,0,1,0,0,1,0,1,0,0
743,Nibbles,1,1,1,1,1,0,1,0,0,0
120,Bobby,1,1,0,1,0,0,1,0,0,0
811,Persy,1,0,1,0,1,1,1,1,0,0
677,Miasy,0,0,0,1,1,0,0,1,1,1
437,Gretchen,0,1,1,0,1,0,0,1,1,0
440,Griffen,1,0,1,1,1,1,0,0,1,1
355,Ellie,0,1,1,1,0,0,1,1,1,1
786,Paddington,1,0,0,0,1,0,1,1,1,0
785,Paco,0,0,1,0,0,0,0,0,0,1
293,Daisy,0,0,0,1,0,1,1,0,1,0
481,Hoover,1,0,1,1,0,1,0,1,0,0
285,Cupcake,0,0,1,0,1,1,0,1,0,1
363,Emmy,0,1,0,0,0,0,0,0,1,1
329,Doogie,1,1,1,0,1,1,0,0,0,0
425,Godiva,1,0,0,0,1,1,1,0,1,1
920,Ruchus,0,1,1,1,1,0,0,1,1,0
528,Jethro,1,0,1,1,1,0,0,0,0,0
597,Lassie,0,0,0,1,0,1,0,0,1,0
547,Judy,0,1,0,0,0,1,1,1,0,1
898,Ripley,0,1,0,0,1,1,0,0,1,1
484,Howie,0,1,1,0,1,1,1,1,0,0
426,Goldie,1,1,1,1,1,1,0,0,1,1
620,Loki,1,0,1,1,0,0,1,0,0,0
970,Sheena,1,0,1,0,1,1,0,1,1,0
512,Jasper,1,1,1,0,1,0,1,1,0,0
930,Sabine,1,0,0,1,0,0,1,0,1,0
581,Koba,1,1,0,1,1,1,0,1,0,0
165,Bucko,0,1,1,0,0,1,1,1,0,0
234,Chili,0,0,0,0,1,1,1,0,1,1
538,Johnny,0,0,1,0,1,0,0,1,1,0
623,Louie,0,0,1,1,1,0,0,0,1,0
863,Puddles,0,1,0,1,1,0,1,0,0,1
170,Buddy,0,0,0,0,1,1,1,0,1,1
912,Rosie,0,1,0,1,0,0,0,1,0,0
369,Felix,0,1,1,0,1,0,1,1,1,1
608,Lightning,1,0,0,0,1,1,0,0,0,0
442,Grizzly,1,1,0,0,0,0,0,0,1,0
177,Bullet,1,1,1,0,0,1,1,0,0,0
338,Duffy,1,1,1,1,0,1,0,0,0,0
564,Kelly,0,0,1,1,1,1,1,0,1,1
308,Destini,0,1,0,0,0,0,0,0,1,1
916,Roxanne,0,0,1,0,0,1,1,1,0,1
265,Codi,1,1,0,1,0,1,0,1,1,1
723,Mr,1,1,1,0,0,1,1,1,1,0
492,Indy,0,0,0,1,1,0,0,1,0,0
181,Bunky,0,1,1,1,0,1,0,1,0,1
296,Dandy,1,1,0,1,1,1,0,0,0,0
709,Mona,0,1,0,1,1,0,1,0,0,1
633,Luna,1,1,0,0,1,1,0,1,0,0
262,Coco,1,0,1,0,0,1,0,1,1,1
417,Gidget,0,1,0,1,1,0,0,0,1,1
344,Dutchess,1,0,0,1,1,0,1,1,1,1
886,Reggie,0,1,0,0,0,1,0,0,1,0
365,Ernie,1,1,1,0,1,0,0,0,0,1
464,Harley,1,0,1,1,1,1,0,0,0,1
226,Chevy,0,1,0,0,1,1,0,1,1,1
829,Pippy,0,1,0,1,0,1,1,1,1,0
967,Shaggy,1,0,1,1,0,1,0,1,1,1
629,Lucky,0,1,1,1,0,1,1,0,1,0
216,Charlie,1,0,0,1,0,1,1,0,1,1
700,Mitch,1,0,0,1,0,1,0,1,0,1
430,Grace,1,1,1,0,0,0,0,1,1,1
932,Sabrina,1,1,1,0,1,1,1,1,0,0
553,Kallie,0,0,1,1,0,1,0,0,1,0
479,Honey-Bear,0,0,0,1,1,0,1,1,0,0
241,Chivas,0,0,1,0,0,0,1,1,0,0
522,Jess,1,0,1,0,0,0,0,1,1,1
156,Brooke,1,1,1,1,0,1,1,1,1,0
585,Kona,0,0,0,0,1,0,1,0,1,1
695,Miss,0,1,0,1,0,0,1,0,0,1
615,Little-Guy,1,1,1,0,1,0,1,1,0,0
897,Ringo,1,1,1,1,1,0,0,0,1,1
188,Buttercup,0,0,1,1,0,1,1,0,0,1
650,Major,0,0,1,0,1,1,1,0,0,1
563,Kellie,1,0,1,0,0,0,0,0,1,1
267,Cole,1,1,1,1,1,1,0,0,1,1
682,Miko,1,1,1,0,1,0,0,1,1,0
601,Lefty,0,1,0,1,0,0,1,0,1,0
796,Patches,0,0,0,0,0,1,0,1,1,1
824,Pink,1,1,0,1,1,1,0,1,1,0
401,Frodo,1,0,0,1,1,1,1,1,0,0
105,Bitsy,1,0,1,0,1,1,1,0,1,1
966,Shady,1,1,1,0,1,0,0,0,0,0
848,Poppy,1,1,1,1,1,1,1,1,1,1
806,Penny,1,0,1,1,0,1,1,0,0,1
701,Mittens,1,1,1,0,0,0,0,0,0,1
675,Merlin,0,1,1,1,1,1,1,1,0,0
371,Ferris,0,1,1,0,0,0,0,0,0,1
982,Simba,1,0,0,1,0,1,1,1,1,1
901,Rocket,0,0,1,1,0,0,0,1,1,1
998,Smarty,1,1,1,1,0,1,1,1,0,0
235,China,0,0,0,0,1,0,0,0,1,0
939,Sam,0,0,0,1,1,0,0,0,0,0
704,Mo,0,0,1,0,1,1,1,0,1,1
268,Comet,1,0,0,0,0,0,1,1,1,1
757,Nitro,0,1,1,1,0,0,1,1,0,0
946,Sarah,0,1,1,1,0,0,0,0,1,0
205,Cassis,1,1,1,1,1,0,0,0,1,0
131,Boone,0,0,1,0,0,1,0,0,1,0
429,Gordon,1,0,1,0,0,0,1,0,0,0
769,Old,1,0,1,1,1,0,0,1,1,1
673,Mercedes,1,0,0,0,0,0,1,1,1,1
463,Hardy,0,1,1,0,1,0,1,0,0,0
143,Brady,1,1,0,0,1,0,0,0,1,0
486,Huey,0,1,1,0,1,1,0,0,0,1
947,Sarge,1,0,1,1,0,0,0,1,0,0
510,Jamie,0,0,0,0,0,1,0,1,1,1
914,Rover,0,1,0,1,0,1,1,1,1,0
661,Maverick,1,0,0,1,0,1,0,0,1,0
694,Miss,1,0,1,1,0,0,1,1,1,1
900,Rock,0,1,0,1,0,1,0,0,1,1
290,Cyrus,0,1,1,0,1,0,1,1,1,0
474,Higgins,0,1,1,0,1,0,0,1,0,0
350,Eddy,0,1,0,0,1,1,0,0,1,1
894,Riggs,0,0,0,1,1,1,1,1,0,0
162,Bubbles,0,1,1,1,0,0,1,1,1,1
358,Elvis,1,0,1,0,1,0,1,0,1,1
731,Nala,0,0,1,0,1,1,1,0,0,1
207,Chad,1,0,1,0,0,1,1,1,1,0
496,Itsy,0,0,1,0,0,0,0,0,1,0
884,Rebel,0,0,1,0,1,1,0,1,1,1
977,Sienna,1,0,1,0,0,1,0,1,0,1
868,Punkin,0,0,0,0,1,0,1,1,1,1
761,Noodles,0,1,1,1,1,0,0,0,1,0
174,Bug,1,1,1,1,1,0,1,1,1,1
721,Moses,0,1,0,1,0,1,0,0,0,1
911,Rosebud,1,0,1,0,0,1,0,0,0,1
812,Pete,1,0,0,1,1,1,0,0,1,0
164,Buckeye,1,0,1,0,1,0,0,0,0,0
185,Butchy,0,1,1,1,0,1,0,0,1,1
780,Otto,0,0,0,0,0,0,0,0,0,1
903,Rocky,1,0,0,0,1,1,1,0,0,0
527,Jet,1,1,0,0,0,1,0,0,0,0
286,Curly,1,1,1,1,0,0,0,1,0,0
441,Gringo,1,0,1,1,0,1,1,0,1,1
549,June,1,0,0,0,1,0,1,1,1,1
649,Magnolia,1,1,0,1,1,1,1,1,0,1
540,Joker,0,0,1,1,1,0,0,1,0,0
589,Kujo,1,0,0,1,0,0,0,1,0,0
313,Dickens,0,1,1,0,0,0,1,1,1,0
874,Quinn,0,0,0,1,1,0,0,0,1,0
955,Schultz,1,0,1,0,0,1,1,1,0,1
727,Mulligan,1,0,1,0,0,1,1,0,1,0
609,Lili,1,0,0,0,0,0,1,0,1,1
638,Mack,0,1,1,1,1,0,0,0,0,1
472,Hercules,1,0,0,0,0,0,0,1,1,0
246,Chucky,1,1,1,1,0,0,1,1,1,0
253,Clancy,0,0,1,0,0,0,1,0,1,1
594,Lady,1,0,0,0,1,1,0,1,0,1
546,Jr,0,0,0,0,0,1,0,0,0,1
227,Chewie,0,1,0,0,1,1,1,0,0,0
341,Dunn,0,1,0,0,1,0,1,0,0,1
689,Ming,1,0,0,1,0,0,0,0,0,0
740,Nestle,1,1,0,0,0,0,1,1,1,0
748,Nickie,0,1,1,0,0,0,1,0,0,0
667,Maya,1,0,0,0,0,1,0,1,1,0
799,Patty,0,0,1,0,1,1,0,0,1,1
274,Copper,0,0,1,0,1,1,1,1,1,0
612,Lincoln,0,0,1,1,1,0,0,0,1,0
600,Lazarus,0,0,1,0,0,0,1,1,1,0
773,Ollie,0,1,0,0,1,0,1,1,0,1
651,Mandi,1,0,1,0,0,0,0,1,1,0
592,Lacey,1,1,0,0,0,1,1,0,1,0
625,Lovey,0,0,1,1,0,1,1,1,1,0
735,Nathan,0,0,0,0,0,1,0,1,1,1
459,Hanna,1,0,1,0,1,0,0,1,0,0
890,Rexy,0,0,0,1,1,1,1,1,0,0
918,Roxy,0,1,0,1,1,0,0,0,1,0
772,Olivia,0,0,1,0,1,0,1,1,1,1
942,Sampson,0,0,1,0,1,1,1,1,0,0
639,Mackenzie,1,1,0,0,0,0,0,0,1,0
926,Ruger,1,1,0,0,0,0,1,0,1,0
499,Ivy,0,0,1,0,0,0,0,0,0,1
791,Papa,0,0,0,1,1,1,1,0,0,1
572,King,0,1,0,0,1,0,0,0,0,1
922,Ruffe,1,0,1,0,1,0,1,0,1,1
843,Pooh,0,0,1,1,1,1,0,0,0,0
732,Nana,1,1,1,1,0,0,1,0,0,0
931,Sable,1,1,1,0,0,1,1,0,1,1
126,Bonnie,1,0,0,0,0,0,1,0,0,0
257,Clifford,0,1,1,0,1,0,0,1,1,0
452,Gypsy,1,1,0,0,0,0,1,1,0,1
155,Brook,1,1,0,0,1,1,0,1,1,0
397,Friday,1,0,1,1,0,1,0,0,1,1
674,Mercle,0,1,0,1,1,1,0,1,0,1
431,Grace,0,0,0,1,0,0,0,0,0,1
760,Nona,0,0,1,0,1,1,1,0,1,1
386,Foxy,1,0,1,1,0,0,1,0,0,0
762,Norton,0,1,1,1,1,1,0,0,0,0
117,Bo,0,1,0,0,1,1,1,1,1,0
758,Nobel,0,0,1,0,1,1,0,1,1,1
231,Chic,0,1,1,1,0,0,0,1,0,0
368,Fancy,0,1,1,1,1,1,1,1,1,0
250,Cinnamon,1,0,1,0,1,1,0,1,1,0
591,Kyra,0,1,0,0,0,1,0,1,1,0
291,Daffy,0,0,0,1,0,1,1,0,0,0
827,Piper,1,1,0,0,1,0,1,0,1,1
204,Cassie,0,0,0,1,1,0,0,0,0,0
613,Linus,0,0,1,1,0,1,1,1,1,1
178,Bullwinkle,0,0,0,1,1,0,0,1,1,0
750,Nico,0,1,1,0,0,1,0,1,1,1
846,Pooky,1,1,1,0,1,0,0,0,0,0
582,Kobe,1,0,1,0,1,0,0,0,1,1
211,Chanel,0,1,0,1,0,0,0,0,1,0
152,Brit,1,0,1,1,1,1,1,0,1,0
976,Shorty,1,1,1,1,0,1,1,1,0,0
523,Jesse,1,1,0,1,1,1,1,0,0,0
679,Mickey,1,0,0,0,0,0,1,0,0,0
566,Kenya,0,0,0,1,1,1,0,0,1,0
219,Chauncey,1,1,1,0,1,0,1,1,0,0
753,Nikita,0,1,0,0,1,0,1,0,0,1
232,Chico,1,0,0,0,1,0,0,0,1,0
361,Emily,0,1,0,1,1,0,1,1,1,0
818,Phoenix,1,1,0,0,0,1,0,0,1,1
163,Buck,1,1,0,0,1,1,0,0,0,0
881,Ranger,0,0,1,0,0,1,0,0,0,0
869,Puppy,0,1,1,0,0,0,0,0,0,1
579,Kiwi,0,1,1,1,0,0,1,1,1,1
449,Gunther,0,0,1,0,0,0,1,0,0,0
258,Clover,0,1,1,0,1,1,0,0,0,1
562,Keesha,0,0,1,0,1,0,1,1,1,1
236,Chip,0,0,0,1,0,0,0,0,0,0
774,Onie,1,1,1,0,1,0,1,0,1,0
218,Chase,0,1,1,1,0,1,1,1,1,0
541,Jolie,0,1,1,1,0,1,0,1,0,0
433,Gracie,0,1,0,0,1,1,0,0,1,0
964,Sebastian,0,0,1,0,1,0,1,1,0,1
904,Roland,1,0,0,0,1,0,1,0,1,0
867,Pumpkin,0,1,1,1,0,1,0,0,1,1
412,George,0,1,0,1,0,1,1,0,1,0
936,Salem,1,1,1,1,1,1,0,1,0,0
823,Piglet,0,0,0,0,1,0,0,1,1,1
534,Jingles,0,1,0,1,1,0,0,0,0,1
537,Joey,1,0,0,0,0,0,1,1,0,1
800,Peaches,0,0,1,0,1,1,1,0,0,1
273,Cooper,0,1,0,0,0,1,1,1,1,0
859,Prince,0,0,0,1,1,1,0,0,1,0
703,Mitzy,0,0,1,1,1,0,1,0,1,1
279,Crackers,0,1,0,0,0,0,0,1,0,1
101,Birdy,1,1,1,1,1,0,1,1,0,0
495,Isabelle,1,0,1,0,0,1,1,0,0,1
822,Piggy,0,1,1,1,1,0,1,1,1,0
924,Ruffles,0,0,0,1,1,1,1,0,0,0
907,Roman,0,1,1,1,1,1,0,1,1,1
729,Murphy,0,0,0,1,1,1,1,1,0,1
570,Kiki,1,0,1,0,1,0,1,1,0,1
200,Captain,0,1,1,1,0,1,0,1,0,1
680,Midnight,0,1,0,1,1,0,0,0,0,1
176,Bugsy,0,0,1,1,0,0,1,0,1,1
544,Josie,1,0,1,0,0,1,1,0,1,1
192,Caesar,0,1,1,1,1,0,1,1,1,0
595,Ladybug,1,1,1,1,1,1,0,0,0,0
887,Reilly,0,1,0,1,1,1,0,1,1,1
487,Hugh,1,0,0,1,1,1,1,1,0,0
443,Gromit,1,1,1,0,1,0,1,0,1,0
121,Bobo,0,0,1,0,1,1,1,0,0,0
844,Pooh-Bear,1,1,0,0,0,0,1,1,0,1
154,Brodie,1,0,0,0,0,1,1,0,0,1
460,Hannah,0,1,1,0,0,1,0,0,1,1
500,Izzy,1,1,1,0,0,0,0,1,1,1
559,Katz,1,0,1,1,1,0,0,0,1,0
513,Jaxson,0,1,0,1,1,1,0,1,1,1
571,Killian,0,1,1,1,0,0,0,1,0,1
828,Pippin,0,0,0,0,0,1,0,1,0,0
424,Gizmo,0,0,0,1,1,0,1,1,1,1
446,Guido,0,0,1,0,0,1,1,1,0,0
552,Kali,1,1,1,1,1,0,0,1,0,1
370,Fergie,0,1,1,1,0,1,1,1,1,0
853,Powder,1,1,0,1,1,1,0,0,0,0
127,Boo,1,1,1,1,1,1,1,0,1,0
836,Pogo,1,0,1,1,0,1,1,1,1,0
699,Misty,1,1,1,1,0,0,0,0,1,1
994,Skyler,1,0,0,1,1,0,0,0,0,1
298,Daphne,1,0,1,0,0,0,1,1,0,1
398,Frisco,0,0,0,1,0,1,1,0,1,0
981,Silvester,1,0,1,0,1,0,1,1,1,1
858,Pretty-Girl,0,0,0,1,0,1,0,0,0,1
835,Pockets,0,0,1,1,1,1,1,0,1,1
109,Black-Jack,1,0,0,1,0,0,1,1,1,1
711,Monster,0,1,0,0,0,0,0,0,0,1
845,Pookie,1,1,1,0,1,0,0,0,0,0
656,Marley,0,0,1,0,0,1,1,0,1,1
114,Blossom,1,1,1,1,1,0,0,0,0,1
391,Fred,1,0,0,0,0,1,1,1,1,0
435,Greenie,0,1,1,1,0,0,1,0,0,1
710,Monkey,0,1,0,1,1,1,1,0,1,0
322,Dobie,0,0,1,1,0,1,0,0,1,1
831,Pirate,1,1,0,0,0,0,1,0,1,0
354,Einstein,1,1,1,1,1,1,0,0,0,0
511,Jasmine,1,0,1,1,0,1,1,0,1,0
781,Oz,1,1,1,1,0,1,1,1,1,1
506,Jagger,0,0,0,0,0,1,1,1,1,1
145,Brandi,0,0,0,0,0,0,1,0,1,0
294,Dakota,0,0,0,1,1,1,0,0,0,0
734,Natasha,0,1,1,1,0,0,0,1,1,1
367,Faith,1,0,1,1,1,1,1,0,1,1
141,Bozley,1,1,1,1,1,0,0,0,0,1
717,Mookie,0,0,0,1,0,1,0,0,0,1
454,Haley,1,1,0,0,1,1,0,1,1,1
245,Chubbs,1,0,1,0,1,0,0,1,0,1
712,Montana,1,1,1,0,1,1,0,1,1,1
482,Hope,0,1,1,1,0,0,0,1,0,1
337,Dudley,0,0,0,0,1,0,0,0,1,0
956,Scoobie,1,1,0,1,0,0,1,0,1,1
614,Little,1,0,0,0,0,1,0,0,1,1
962,Scrappy,0,0,1,1,0,0,1,1,0,1
489,Humphrey,0,0,0,0,0,0,0,0,1,1
888,Remy,1,1,1,1,0,1,0,0,0,0
798,Patsy,1,1,1,0,1,0,1,0,0,0
640,Macy,0,0,1,0,0,0,0,1,0,0
532,Jewels,1,0,1,1,0,0,1,0,1,0
238,Chippy,0,1,0,0,1,0,0,0,0,0
825,Pinky,0,0,0,1,0,1,0,1,1,1
168,Budda,0,0,0,1,1,0,0,1,1,0
795,Patch,1,0,1,1,1,0,0,1,1,1
378,Flakey,1,1,1,1,1,0,0,0,1,1
180,Bumper,1,1,1,0,0,0,0,0,0,1
933,Sadie,1,1,1,1,0,0,1,0,1,0
331,Dottie,0,0,1,0,0,0,0,1,0,1
771,Oliver,0,0,1,1,0,0,0,0,0,1
297,Dante,1,1,0,0,0,1,1,0,0,1
642,Maddy,1,0,0,0,1,0,0,0,1,0
366,Eva,1,1,0,1,0,0,0,0,1,1
647,Maggy,0,1,0,0,0,0,1,0,1,1
483,Houdini,0,0,0,1,0,1,0,1,0,1
821,Pierre,0,0,1,1,0,0,0,0,1,1
948,Sasha,1,1,0,1,1,1,0,0,0,1
146,Brando,1,0,1,1,1,1,1,1,1,1
434,Grady,1,1,1,0,1,1,0,0,1,0
115,Blue,1,0,1,1,1,1,0,0,0,1
282,Cubby,0,1,1,1,1,0,1,1,1,0
210,Chance,0,0,0,0,0,0,0,1,1,1
945,Sara,0,1,1,0,1,1,0,0,1,1
756,Nina,1,0,1,1,0,0,0,0,1,0
809,Peppy,0,1,1,0,1,1,0,1,1,1
718,Moonshine,1,1,1,0,0,1,1,1,1,0
778,Oscar,0,0,0,1,0,1,1,1,0,0
284,Cujo,1,0,1,1,0,1,1,0,1,0
978,Sierra,1,0,0,0,1,1,0,1,1,0
685,Millie,0,0,0,0,0,1,1,1,0,0
980,Silver,1,0,0,0,0,0,0,1,1,1
892,Ricky,1,0,0,1,0,0,1,1,1,0
805,Pedro,0,1,1,1,0,1,1,1,0,0
636,Macho,1,0,0,0,1,0,0,1,0,0
913,Rosy,1,0,1,1,0,1,0,0,0,0
187,Butterball,0,1,0,1,0,1,0,0,0,1
854,Prancer,0,0,0,1,0,0,0,1,0,0
119,Bobbie,1,1,1,1,0,0,1,0,1,0
974,Shiloh,1,1,1,0,1,0,0,1,1,0
568,Kibbles,1,0,0,0,0,0,0,1,1,1
450,Gus,0,1,1,0,0,0,1,1,1,1
466,Harrison,1,0,1,0,0,1,1,0,0,0
714,Monty,0,0,0,1,0,1,0,0,1,1
299,Darby,1,1,0,0,1,0,1,0,0,1
186,Butter,1,1,1,1,1,0,1,0,0,0
883,Raven,1,1,0,1,1,1,0,1,0,0
254,Cleo,1,0,1,1,0,0,1,0,1,0
497,Itsy-Bitsy,0,1,1,0,0,0,0,1,1,1
102,Biscuit,1,0,1,1,0,1,0,1,1,0
759,Noel,1,1,0,0,0,0,1,1,1,1
467,Harry,0,1,1,1,0,1,1,0,0,0
632,Lulu,1,1,1,0,0,1,0,0,1,1
349,Eddie,1,0,0,0,1,1,0,0,1,1
516,Jelly,1,1,1,0,0,1,1,0,1,1
108,Blackie,1,1,1,0,1,0,1,0,0,0
490,Hunter,1,1,1,0,1,1,1,1,0,1
621,Lola,0,0,0,1,0,1,0,1,1,0
396,Fresier,1,0,1,0,1,0,0,0,1,0
390,Freckles,1,0,0,1,0,1,0,1,0,1
520,Jerry,0,1,0,1,0,0,0,0,1,1
851,Porky,0,1,1,0,0,0,1,0,1,0
347,Ebony,1,1,0,1,1,1,1,0,1,1
659,Mason,1,1,1,1,1,0,0,1,0,0
199,Capone,0,0,1,1,0,1,0,1,1,1
669,Mckenzie,1,1,0,1,1,1,1,0,0,0
720,Morgan,0,0,1,1,1,1,0,1,0,0
112,Blaze,1,1,0,0,0,1,1,0,0,0
747,Nickers,1,1,0,1,0,1,1,1,1,0
593,Laddie,0,1,0,1,0,0,0,0,0,1
133,Bootie,1,0,0,0,1,1,0,0,1,0
107,Bj,0,0,1,1,0,0,0,0,1,0
359,Elwood,0,1,1,0,0,0,1,1,1,1
455,Hallie,0,1,1,1,1,0,0,1,0,1
850,Porkchop,0,0,0,0,1,1,1,1,0,0
402,Frosty,0,1,1,0,0,0,0,1,1,0
325,Doggon’,0,1,0,0,1,0,1,1,0,1
856,Presley,1,0,1,1,1,0,1,1,0,0
420,Gilda,1,1,1,1,0,1,1,1,0,1
671,Megan,1,1,0,0,0,0,0,0,0,1
535,Jj,0,1,0,1,0,0,0,0,0,1
618,Lizzy,0,1,1,1,1,0,1,0,0,1
706,Mojo,0,0,1,1,1,0,1,1,0,1
902,Rocko,0,1,0,0,0,0,1,1,0,0
518,Jenna,0,0,0,1,0,1,0,1,1,1
448,Gunner,0,0,1,1,1,0,1,0,0,1
302,Dash,0,0,1,0,0,0,1,1,0,0
485,Hudson,1,1,1,0,1,1,1,1,0,1
648,Magic,0,0,1,0,0,1,1,1,1,1
383,Floyd,1,1,1,1,0,0,0,1,0,1
135,Boozer,0,1,1,1,0,0,0,1,1,1
406,Gabriella,1,1,0,1,0,1,0,1,1,1
644,Maggie,1,0,0,1,1,1,0,0,0,1
330,Dots,1,0,0,0,1,1,0,1,1,0
